#FIG 3.1
Landscape
Center
Inches
1200 2
1 1 0 1 -1 7 0 0 -1 0.000 1 0.0000 1950 1725 750 375 1950 1725 2700 2100
1 1 0 1 -1 7 0 0 -1 0.000 1 0.0000 5775 1725 750 375 5775 1725 6525 2100
1 1 0 1 -1 7 0 0 -1 0.000 1 0.0000 1950 1725 750 375 1950 1725 2700 2100
1 1 0 1 -1 7 0 0 -1 0.000 1 0.0000 3825 3225 750 375 3825 3225 4575 3600
1 1 0 1 -1 7 0 0 -1 0.000 1 0.0000 1950 1725 750 375 1950 1725 2700 2100
2 1 0 2 -1 7 0 0 -1 0.000 0 0 7 1 0 2
	1 1 2.00 120.00 240.00
	 2700 1725 5025 1725
3 2 0 2 -1 7 0 0 -1 0.000 0 1 0 5
	1 1 2.00 120.00 240.00
	 2475 2025 2850 2100 2850 2475 3300 2625 3300 3000
	 0.00 0.00 2692.16 2003.07 2785.91 2021.82 2933.80 2202.22
	 2777.28 2374.11 2941.98 2602.61 3208.02 2497.39 3354.54 2700.66
	 3354.54 2794.41 0.00 0.00
3 2 0 2 -1 7 0 0 -1 0.000 0 1 0 6
	1 1 2.00 120.00 240.00
	 4425 3000 4500 2700 4950 2700 5025 2325 5400 2325 5475 2100
	 0.00 0.00 4418.31 2824.14 4437.06 2749.14 4622.12 2604.65
	 4827.34 2800.56 5054.24 2614.54 4920.76 2410.46 5127.22 2241.20
	 5299.11 2397.71 5447.85 2290.51 5466.60 2234.26 0.00 0.00
4 0 -1 0 0 0 24 0.0000 4 180 165 3825 3375 a\001
4 0 -1 0 0 0 24 0.0000 4 255 345 5625 1800 a2\001
4 0 -1 0 0 0 24 0.0000 4 255 345 1800 1800 a1\001
